0 0.745703125 0.6263888888888889 0.15546875 0.5763888888888888
0 0.62265625 0.6708333333333333 0.2671875 0.6333333333333333
0 0.454296875 0.6090277777777777 0.08828125 0.29444444444444445
0 0.041796875 0.7902777777777777 0.0765625 0.35694444444444445
0 0.427734375 0.6166666666666667 0.12265625 0.3194444444444444
0 0.93671875 0.55 0.1265625 0.5888888888888889
0 0.810546875 0.5215277777777778 0.1265625 0.43194444444444446
0 0.225 0.68125 0.071875 0.24166666666666667
0 0.86796875 0.4951388888888889 0.1078125 0.39444444444444443
0 0.17421875 0.6875 0.06796875 0.21388888888888888
0 0.365625 0.6972222222222222 0.13359375 0.4625
0 0.265234375 0.6659722222222222 0.0640625 0.20694444444444443
0 0.537109375 0.6027777777777777 0.1515625 0.4875
0 0.12578125 0.7534722222222222 0.2484375 0.4930555555555556