0 0.98046875 0.6361111111111111 0.0390625 0.37777777777777777
0 0.769140625 0.5763888888888888 0.0375 0.18472222222222223
0 0.647265625 0.5979166666666667 0.04765625 0.2111111111111111
0 0.03125 0.6555555555555556 0.0625 0.6888888888888889
0 0.455078125 0.6041666666666666 0.37578125 0.7916666666666666
0 0.325 0.6916666666666667 0.1328125 0.44027777777777777
0 0.695703125 0.6298611111111111 0.1078125 0.39166666666666666
0 0.816796875 0.6215277777777778 0.08125 0.33611111111111114
0 0.73984375 0.6298611111111111 0.06171875 0.30833333333333335
0 0.882421875 0.6048611111111111 0.08125 0.38055555555555554
0 0.1140625 0.7319444444444444 0.096875 0.4263888888888889
0 0.225390625 0.7305555555555555 0.10078125 0.4375