0 0.976953125 0.5305555555555556 0.04609375 0.38055555555555554
0 0.77265625 0.5173611111111112 0.04921875 0.19027777777777777
0 0.653125 0.5652777777777778 0.06171875 0.21805555555555556
0 0.05078125 0.7048611111111112 0.1015625 0.5902777777777778
0 0.462890625 0.5916666666666667 0.42578125 0.8166666666666667
0 0.339453125 0.7277777777777777 0.1609375 0.4625
0 0.703125 0.5861111111111111 0.1328125 0.4097222222222222
0 0.82265625 0.5520833333333334 0.103125 0.3486111111111111
0 0.746875 0.5763888888888888 0.08203125 0.31666666666666665
0 0.88671875 0.5215277777777778 0.10625 0.39305555555555555
0 0.132421875 0.7965277777777777 0.12421875 0.40694444444444444
0 0.243359375 0.7805555555555556 0.12890625 0.4388888888888889