0 0.87734375 0.48819444444444443 0.0734375 0.2875
0 0.854296875 0.49722222222222223 0.08125 0.2847222222222222
0 0.205859375 0.7326388888888888 0.15 0.42083333333333334
0 0.866015625 0.49375 0.09609375 0.29444444444444445
0 0.792578125 0.5048611111111111 0.08984375 0.3277777777777778
0 0.958984375 0.45208333333333334 0.08203125 0.3013888888888889
0 0.49140625 0.5951388888888889 0.090625 0.2791666666666667
0 0.1421875 0.7152777777777778 0.284375 0.5694444444444444
0 0.3984375 0.60625 0.1015625 0.3194444444444444
0 0.32265625 0.7256944444444444 0.209375 0.5486111111111112
0 0.751171875 0.625 0.203125 0.6486111111111111
0 0.57109375 0.6166666666666667 0.11328125 0.3902777777777778
0 0.63046875 0.6916666666666667 0.1734375 0.575