0 0.20390625 0.42083333333333334 0.09453125 0.43472222222222223
0 0.43125 0.3902777777777778 0.04140625 0.23055555555555557
0 0.20625 0.3416666666666667 0.0875 0.26666666666666666
0 0.574609375 0.3923611111111111 0.03984375 0.16666666666666666
0 0.034375 0.49930555555555556 0.06875 0.9430555555555555
0 0.638671875 0.41458333333333336 0.0515625 0.20972222222222223
0 0.68359375 0.4076388888888889 0.053125 0.1986111111111111
0 0.45546875 0.39652777777777776 0.04453125 0.22361111111111112
0 0.4921875 0.3993055555555556 0.04609375 0.2361111111111111
0 0.3953125 0.3840277777777778 0.05078125 0.21388888888888888
0 0.766796875 0.47847222222222224 0.11015625 0.3375