0 0.201953125 0.4486111111111111 0.08984375 0.43194444444444446
0 0.428125 0.39652777777777776 0.0390625 0.22916666666666666
0 0.201953125 0.36875 0.08515625 0.2638888888888889
0 0.57109375 0.3854166666666667 0.03828125 0.16527777777777777
0 0.032421875 0.5361111111111111 0.06484375 0.9277777777777778
0 0.636328125 0.40208333333333335 0.05 0.20833333333333334
0 0.68046875 0.3909722222222222 0.05078125 0.19722222222222222
0 0.45234375 0.40069444444444446 0.0421875 0.2222222222222222
0 0.4890625 0.4 0.04375 0.23472222222222222
0 0.391796875 0.39375 0.04921875 0.2125
0 0.765625 0.4534722222222222 0.10703125 0.3347222222222222