0 0.9203125 0.7777777777777778 0.1046875 0.44166666666666665
0 0.776953125 0.7541666666666667 0.04453125 0.20833333333333334
0 0.11640625 0.7979166666666667 0.1859375 0.4013888888888889
0 0.53984375 0.7673611111111112 0.0390625 0.1736111111111111
0 0.64140625 0.7597222222222222 0.034375 0.17777777777777778
0 0.616015625 0.7590277777777777 0.03671875 0.1736111111111111
0 0.68515625 0.7645833333333333 0.05 0.2125
0 0.92734375 0.6736111111111112 0.14375 0.6527777777777778
0 0.57734375 0.7625 0.04375 0.17222222222222222
0 0.733984375 0.7631944444444444 0.03828125 0.18194444444444444
0 0.33984375 0.8131944444444444 0.06875 0.3680555555555556
0 0.27734375 0.8180555555555555 0.0828125 0.34444444444444444