0 0.45078125 0.7298611111111111 0.07109375 0.24444444444444444
0 0.791796875 0.7472222222222222 0.04453125 0.2222222222222222
0 0.02578125 0.7215277777777778 0.0515625 0.44027777777777777
0 0.573828125 0.7291666666666666 0.04140625 0.19027777777777777
0 0.656640625 0.7354166666666667 0.05078125 0.22361111111111112
0 0.537890625 0.7298611111111111 0.04921875 0.18888888888888888
0 0.71796875 0.7541666666666667 0.0640625 0.24166666666666667
0 0.765234375 0.7569444444444444 0.05546875 0.24444444444444444
0 0.605078125 0.7194444444444444 0.06015625 0.2222222222222222
0 0.0671875 0.7201388888888889 0.134375 0.4652777777777778
0 0.17890625 0.7194444444444444 0.153125 0.49444444444444446