0 0.478515625 0.7430555555555556 0.0796875 0.25
0 0.814453125 0.6340277777777777 0.05234375 0.225
0 0.052734375 0.8368055555555556 0.08671875 0.3263888888888889
0 0.59921875 0.6965277777777777 0.0484375 0.19305555555555556
0 0.680859375 0.6722222222222223 0.05859375 0.22777777777777777
0 0.5640625 0.7104166666666667 0.05625 0.19305555555555556
0 0.74296875 0.6680555555555555 0.07265625 0.24722222222222223
0 0.789453125 0.6534722222222222 0.0640625 0.24861111111111112
0 0.628125 0.6756944444444445 0.06796875 0.22777777777777777
0 0.09921875 0.81875 0.159375 0.3625
0 0.21171875 0.7895833333333333 0.1703125 0.42083333333333334