0 0.747265625 0.5861111111111111 0.06953125 0.3138888888888889
0 0.753125 0.6319444444444444 0.071875 0.4125
0 0.961328125 0.6270833333333333 0.07734375 0.5986111111111111
0 0.9453125 0.6368055555555555 0.109375 0.5902777777777778
0 0.33515625 0.6465277777777778 0.06328125 0.3
0 0.105078125 0.7166666666666667 0.21015625 0.5666666666666667
0 0.617578125 0.5840277777777778 0.0625 0.2777777777777778
0 0.81015625 0.6430555555555556 0.11328125 0.4708333333333333
0 0.678515625 0.5701388888888889 0.115625 0.4083333333333333
0 0.197265625 0.6638888888888889 0.0796875 0.3194444444444444
0 0.424609375 0.7097222222222223 0.17578125 0.5805555555555556
0 0.283984375 0.7243055555555555 0.17421875 0.5513888888888889
0 0.5390625 0.6972222222222222 0.15859375 0.6041666666666666