0 0.751171875 0.5395833333333333 0.08671875 0.3194444444444444
0 0.759375 0.5840277777777778 0.09453125 0.4152777777777778
0 0.95546875 0.5395833333333333 0.0890625 0.6041666666666666
0 0.93984375 0.5520833333333334 0.1203125 0.6013888888888889
0 0.34453125 0.6763888888888889 0.0796875 0.30416666666666664
0 0.121875 0.7465277777777778 0.24375 0.5069444444444444
0 0.621875 0.5618055555555556 0.07734375 0.28194444444444444
0 0.816796875 0.5840277777777778 0.1390625 0.48055555555555557
0 0.681640625 0.5361111111111111 0.1375 0.41944444444444445
0 0.20859375 0.7194444444444444 0.096875 0.3277777777777778
0 0.437890625 0.7118055555555556 0.20703125 0.5763888888888888
0 0.299609375 0.7388888888888889 0.20546875 0.5222222222222223
0 0.550390625 0.6888888888888889 0.190625 0.6194444444444445