0 0.73515625 0.6611111111111111 0.06953125 0.3138888888888889
0 0.736328125 0.7083333333333334 0.071875 0.4125
0 0.951171875 0.7361111111111112 0.09765625 0.5277777777777778
0 0.93515625 0.7402777777777778 0.1296875 0.5194444444444445
0 0.3234375 0.5930555555555556 0.06328125 0.3
0 0.095703125 0.6277777777777778 0.19140625 0.6416666666666667
0 0.607421875 0.6194444444444445 0.0625 0.2777777777777778
0 0.79140625 0.7361111111111112 0.11328125 0.4708333333333333
0 0.66875 0.6236111111111111 0.115625 0.4083333333333333
0 0.185546875 0.5680555555555555 0.0796875 0.3194444444444444
0 0.4046875 0.6944444444444444 0.17578125 0.6013888888888889
0 0.26328125 0.6743055555555556 0.17421875 0.5916666666666667
0 0.519140625 0.7020833333333333 0.15859375 0.5958333333333333