0 0.475390625 0.9152777777777777 0.1296875 0.12083333333333333
0 0.467578125 0.7444444444444445 0.09140625 0.07777777777777778
0 0.406640625 0.13958333333333334 0.21640625 0.15
0 0.398046875 0.075 0.22890625 0.15
0 0.45390625 0.6375 0.13046875 0.10694444444444444
0 0.43671875 0.44583333333333336 0.11796875 0.10833333333333334
0 0.425390625 0.35138888888888886 0.13515625 0.11388888888888889
0 0.45546875 0.6965277777777777 0.12734375 0.1
0 0.454296875 0.55625 0.14140625 0.12083333333333333
0 0.41484375 0.24930555555555556 0.17265625 0.15
0 0.52890625 0.8909722222222223 0.56875 0.21805555555555556