0 0.54453125 0.09027777777777778 0.12578125 0.10277777777777777
0 0.544140625 0.26180555555555557 0.0890625 0.06527777777777778
0 0.575390625 0.8736111111111111 0.2125 0.11805555555555555
0 0.580078125 0.9395833333333333 0.22578125 0.12083333333333333
0 0.552734375 0.3701388888888889 0.12734375 0.08888888888888889
0 0.56015625 0.5638888888888889 0.11484375 0.09166666666666666
0 0.566796875 0.6597222222222222 0.13203125 0.09444444444444444
0 0.554296875 0.3111111111111111 0.125 0.08055555555555556
0 0.5484375 0.4513888888888889 0.1375 0.1
0 0.572265625 0.7631944444444444 0.16796875 0.125
0 0.491796875 0.08541666666666667 0.56484375 0.17083333333333334