0 0.19765625 0.7173611111111111 0.11171875 0.38333333333333336
0 0.73359375 0.54375 0.06796875 0.23055555555555557
0 0.6375 0.5576388888888889 0.04375 0.1625
0 0.297265625 0.6659722222222222 0.084375 0.38472222222222224
0 0.2515625 0.6826388888888889 0.10390625 0.4111111111111111
0 0.57734375 0.5819444444444445 0.06015625 0.23194444444444445
0 0.46953125 0.6125 0.0609375 0.20972222222222223
0 0.41640625 0.6326388888888889 0.0640625 0.24027777777777778
0 0.610546875 0.5791666666666667 0.05625 0.2263888888888889
0 0.531640625 0.58125 0.06796875 0.2513888888888889
0 0.358984375 0.6513888888888889 0.084375 0.30694444444444446
0 0.829296875 0.47708333333333336 0.34140625 0.9541666666666667