0 0.81875 0.4152777777777778 0.05625 0.29305555555555557
0 0.43515625 0.35347222222222224 0.05078125 0.2152777777777778
0 0.485546875 0.48125 0.11328125 0.4527777777777778
0 0.772265625 0.4152777777777778 0.06484375 0.3236111111111111
0 0.712890625 0.46111111111111114 0.08125 0.4583333333333333
0 0.55078125 0.37916666666666665 0.05625 0.21805555555555556
0 0.626953125 0.47430555555555554 0.1 0.4486111111111111
0 0.376953125 0.45208333333333334 0.08515625 0.4125
0 0.28359375 0.5430555555555555 0.1546875 0.8430555555555556
0 0.887890625 0.55625 0.22421875 0.8875
0 0.1265625 0.5055555555555555 0.184375 0.8152777777777778