0 0.97578125 0.3597222222222222 0.04453125 0.13055555555555556
0 0.530078125 0.42569444444444443 0.05625 0.24583333333333332
0 0.495703125 0.44930555555555557 0.04609375 0.20555555555555555
0 0.630078125 0.4152777777777778 0.0859375 0.25277777777777777
0 0.97421875 0.48055555555555557 0.0515625 0.3861111111111111
0 0.70234375 0.4840277777777778 0.0625 0.29305555555555557
0 0.558203125 0.5076388888888889 0.08671875 0.4666666666666667
0 0.907421875 0.48055555555555557 0.08359375 0.32222222222222224
0 0.85703125 0.44513888888888886 0.06640625 0.2833333333333333
0 0.787109375 0.5104166666666666 0.10078125 0.46111111111111114
0 0.411328125 0.6125 0.19921875 0.775