0 0.448828125 0.33958333333333335 0.08046875 0.0763888888888889
0 0.451953125 0.2013888888888889 0.15703125 0.15694444444444444
0 0.453515625 0.30833333333333335 0.08125 0.07916666666666666
0 0.441015625 0.37777777777777777 0.078125 0.06944444444444445
0 0.40703125 0.625 0.1 0.09583333333333334
0 0.434765625 0.40347222222222223 0.0765625 0.06388888888888888
0 0.45234375 0.22847222222222222 0.15546875 0.15555555555555556
0 0.468359375 0.11388888888888889 0.140625 0.14583333333333334
0 0.412890625 0.5458333333333333 0.134375 0.1375
0 0.434765625 0.45 0.09609375 0.09861111111111111
0 0.352734375 0.7333333333333333 0.328125 0.34305555555555556