0 0.4125 0.5993055555555555 0.0390625 0.14166666666666666
0 0.334765625 0.6013888888888889 0.08125 0.2763888888888889
0 0.05625 0.48541666666666666 0.1125 0.7847222222222222
0 0.394921875 0.5930555555555556 0.040625 0.14305555555555555
0 0.434375 0.6111111111111112 0.0359375 0.1388888888888889
0 0.575 0.6583333333333333 0.04921875 0.1763888888888889
0 0.44921875 0.6208333333333333 0.03203125 0.13472222222222222
0 0.35 0.5993055555555555 0.08046875 0.2722222222222222
0 0.284765625 0.5763888888888888 0.07578125 0.24722222222222223
0 0.53046875 0.6520833333333333 0.071875 0.2361111111111111
0 0.475390625 0.6180555555555556 0.0515625 0.16944444444444445
0 0.63828125 0.7305555555555555 0.178125 0.5388888888888889