0 0.441015625 0.6520833333333333 0.0453125 0.14444444444444443
0 0.3703125 0.7076388888888889 0.09296875 0.28194444444444444
0 0.08203125 0.7083333333333334 0.1640625 0.5833333333333334
0 0.4234375 0.6583333333333333 0.046875 0.14444444444444443
0 0.4640625 0.6479166666666667 0.04140625 0.14027777777777778
0 0.603515625 0.59375 0.05703125 0.17777777777777778
0 0.4796875 0.6465277777777778 0.03828125 0.1361111111111111
0 0.38359375 0.6951388888888889 0.0921875 0.2777777777777778
0 0.31875 0.7201388888888889 0.0859375 0.2513888888888889
0 0.561328125 0.61875 0.08125 0.24027777777777778
0 0.503125 0.6256944444444444 0.05859375 0.17222222222222222
0 0.682421875 0.6333333333333333 0.20234375 0.5861111111111111