0 0.409375 0.6319444444444444 0.11640625 0.4888888888888889
0 0.609375 0.45625 0.04765625 0.15416666666666667
0 0.541015625 0.4888888888888889 0.0625 0.20277777777777778
0 0.401171875 0.5736111111111111 0.1 0.35555555555555557
0 0.63671875 0.43333333333333335 0.0515625 0.1625
0 0.963671875 0.40347222222222223 0.07265625 0.4375
0 0.442578125 0.6243055555555556 0.17890625 0.575
0 0.667578125 0.42291666666666666 0.05234375 0.15694444444444444
0 0.34921875 0.6659722222222222 0.12890625 0.44305555555555554
0 0.50703125 0.5520833333333334 0.109375 0.3486111111111111
0 0.27734375 0.6229166666666667 0.1109375 0.35833333333333334
0 0.577734375 0.48333333333333334 0.07890625 0.24027777777777778
0 0.894140625 0.48680555555555555 0.21171875 0.7180555555555556
0 0.77578125 0.5 0.26484375 0.8083333333333333