0 0.393359375 0.5854166666666667 0.05703125 0.48194444444444445
0 0.612109375 0.5083333333333333 0.03046875 0.14722222222222223
0 0.54140625 0.5083333333333333 0.0390625 0.19305555555555556
0 0.39375 0.5256944444444445 0.05859375 0.34305555555555556
0 0.641796875 0.4986111111111111 0.03359375 0.15416666666666667
0 0.976171875 0.6263888888888889 0.04765625 0.43333333333333335
0 0.4265625 0.59375 0.11328125 0.5472222222222223
0 0.673046875 0.5027777777777778 0.03515625 0.1486111111111111
0 0.33046875 0.5909722222222222 0.07734375 0.4263888888888889
0 0.49921875 0.5534722222222223 0.06953125 0.33055555555555555
0 0.266796875 0.5166666666666667 0.0703125 0.3402777777777778
0 0.577734375 0.5194444444444445 0.0515625 0.22777777777777777
0 0.891796875 0.6659722222222222 0.14921875 0.6680555555555555
0 0.766015625 0.6222222222222222 0.17421875 0.7555555555555555