0 0.40546875 0.6229166666666667 0.103125 0.4888888888888889
0 0.610546875 0.4666666666666667 0.04375 0.1527777777777778
0 0.54140625 0.4930555555555556 0.05703125 0.2013888888888889
0 0.39921875 0.5645833333333333 0.09140625 0.3541666666666667
0 0.638671875 0.4465277777777778 0.04765625 0.16111111111111112
0 0.96796875 0.44722222222222224 0.0640625 0.4388888888888889
0 0.4390625 0.61875 0.1640625 0.5708333333333333
0 0.66953125 0.4388888888888889 0.0484375 0.15555555555555556
0 0.34453125 0.6520833333333333 0.1171875 0.44027777777777777
0 0.50546875 0.5527777777777778 0.10078125 0.3458333333333333
0 0.273828125 0.6020833333333333 0.10234375 0.35555555555555557
0 0.578125 0.4909722222222222 0.07265625 0.2388888888888889
0 0.8984375 0.5243055555555556 0.203125 0.7125
0 0.775390625 0.5256944444444445 0.24453125 0.8027777777777778