0 0.515625 0.13680555555555557 0.08359375 0.08055555555555556
0 0.506640625 0.26458333333333334 0.0921875 0.08472222222222223
0 0.487890625 0.6888888888888889 0.20703125 0.175
0 0.512109375 0.20694444444444443 0.09296875 0.09305555555555556
0 0.536328125 0.07916666666666666 0.16484375 0.15833333333333333
0 0.492578125 0.49166666666666664 0.1296875 0.12361111111111112
0 0.503515625 0.37777777777777777 0.13671875 0.1388888888888889
0 0.488671875 0.9138888888888889 0.33984375 0.17222222222222222
0 0.52109375 0.6118055555555556 0.24296875 0.2388888888888889
0 0.627734375 0.07916666666666666 0.40390625 0.15833333333333333
0 0.48125 0.7833333333333333 0.26796875 0.24444444444444444