0 0.704296875 0.5277777777777778 0.0453125 0.1486111111111111
0 0.632421875 0.5118055555555555 0.04765625 0.1638888888888889
0 0.39375 0.47847222222222224 0.0984375 0.3680555555555556
0 0.66484375 0.5215277777777778 0.05234375 0.16527777777777777
0 0.737890625 0.5645833333333333 0.0921875 0.29305555555555557
0 0.1453125 0.46805555555555556 0.14140625 0.5208333333333334
0 0.5046875 0.48680555555555555 0.06953125 0.23055555555555557
0 0.56875 0.50625 0.078125 0.24305555555555555
0 0.22890625 0.47291666666666665 0.1734375 0.6180555555555556
0 0.437109375 0.5375 0.134375 0.43194444444444446
0 0.80234375 0.6840277777777778 0.221875 0.6319444444444444
0 0.340625 0.4666666666666667 0.1375 0.47638888888888886