0 0.5203125 0.8625 0.0796875 0.05694444444444444
0 0.51640625 0.7340277777777777 0.08828125 0.058333333333333334
0 0.49375 0.3104166666666667 0.2 0.11527777777777778
0 0.516796875 0.7923611111111111 0.08828125 0.06666666666666667
0 0.50546875 0.9277777777777778 0.15625 0.11805555555555555
0 0.508203125 0.5055555555555555 0.1234375 0.0875
0 0.50859375 0.6208333333333333 0.1296875 0.10138888888888889
0 0.467578125 0.06180555555555556 0.33359375 0.12361111111111112
0 0.468359375 0.39652777777777776 0.23125 0.17083333333333334
0 0.41640625 0.9673611111111111 0.40625 0.06527777777777778
0 0.490625 0.2152777777777778 0.25703125 0.16944444444444445