0 0.027734375 0.6506944444444445 0.05546875 0.6847222222222222
0 0.635546875 0.46041666666666664 0.04453125 0.19166666666666668
0 0.746875 0.44166666666666665 0.06875 0.2777777777777778
0 0.69765625 0.43680555555555556 0.0421875 0.16944444444444445
0 0.6625 0.44513888888888886 0.040625 0.15416666666666667
0 0.95 0.5520833333333334 0.1 0.6875
0 0.071875 0.6402777777777777 0.14375 0.6833333333333333
0 0.60234375 0.4722222222222222 0.065625 0.23333333333333334
0 0.5328125 0.48333333333333334 0.06796875 0.24583333333333332
0 0.444921875 0.6194444444444445 0.14375 0.5513888888888889
0 0.33984375 0.5729166666666666 0.14609375 0.5819444444444445
0 0.8453125 0.5763888888888888 0.17734375 0.7597222222222222
0 0.187109375 0.5916666666666667 0.13203125 0.5291666666666667