0 0.34609375 0.61875 0.05859375 0.2152777777777778
0 0.443359375 0.6076388888888888 0.06328125 0.2375
0 0.948046875 0.5152777777777777 0.10390625 0.6361111111111111
0 0.919921875 0.3972222222222222 0.08046875 0.2708333333333333
0 0.5796875 0.5215277777777778 0.0703125 0.2375
0 0.61640625 0.5048611111111111 0.06328125 0.225
0 0.804296875 0.5513888888888889 0.25703125 0.7277777777777777
0 0.414453125 0.6173611111111111 0.07265625 0.24583333333333332
0 0.3203125 0.6347222222222222 0.0671875 0.24583333333333332
0 0.710546875 0.4847222222222222 0.08046875 0.29583333333333334
0 0.507421875 0.5666666666666667 0.06875 0.225
0 0.470703125 0.5763888888888888 0.05703125 0.20833333333333334
0 0.6671875 0.49583333333333335 0.06953125 0.23055555555555557
0 0.552734375 0.5756944444444444 0.1015625 0.3402777777777778
0 0.376171875 0.6305555555555555 0.06640625 0.24583333333333332