0 0.45546875 0.2125 0.11875 0.0763888888888889
0 0.448046875 0.3854166666666667 0.13125 0.08194444444444444
0 0.476953125 0.6375 0.13046875 0.09444444444444444
0 0.480859375 0.7041666666666667 0.1234375 0.08472222222222223
0 0.42578125 0.9215277777777777 0.384375 0.15694444444444444
0 0.446484375 0.3333333333333333 0.134375 0.09861111111111111
0 0.45 0.16527777777777777 0.13515625 0.08888888888888889
0 0.47890625 0.8729166666666667 0.16328125 0.10555555555555556
0 0.46171875 0.5041666666666667 0.1234375 0.09444444444444444
0 0.46171875 0.43819444444444444 0.11484375 0.075
0 0.47890625 0.7951388888888888 0.12578125 0.09583333333333334
0 0.450390625 0.5819444444444445 0.1859375 0.1375
0 0.44453125 0.2638888888888889 0.13515625 0.0875