0 0.561328125 0.7777777777777778 0.12109375 0.09722222222222222
0 0.558203125 0.6041666666666666 0.13359375 0.10555555555555556
0 0.51484375 0.3590277777777778 0.1328125 0.11666666666666667
0 0.50703125 0.29305555555555557 0.12578125 0.10555555555555556
0 0.548046875 0.08958333333333333 0.38828125 0.17916666666666667
0 0.562890625 0.6555555555555556 0.1375 0.12083333333333333
0 0.56953125 0.8236111111111111 0.1375 0.1125
0 0.498828125 0.125 0.16640625 0.13472222222222222
0 0.537890625 0.4888888888888889 0.1265625 0.11527777777777778
0 0.541796875 0.5548611111111111 0.11640625 0.09444444444444444
0 0.503515625 0.20277777777777778 0.12890625 0.11666666666666667
0 0.54453125 0.40902777777777777 0.190625 0.16944444444444445
0 0.569140625 0.7243055555555555 0.1375 0.1111111111111111