0 0.25625 0.7048611111111112 0.03671875 0.10555555555555556
0 0.645703125 0.6791666666666667 0.0265625 0.07222222222222222
0 0.517578125 0.6715277777777777 0.021875 0.0625
0 0.1921875 0.7180555555555556 0.0375 0.15138888888888888
0 0.355859375 0.6951388888888889 0.028125 0.10972222222222222
0 0.22578125 0.7083333333333334 0.03671875 0.11944444444444445
0 0.458203125 0.6701388888888888 0.02421875 0.08055555555555556
0 0.323046875 0.7097222222222223 0.0359375 0.1125
0 0.423046875 0.6854166666666667 0.04140625 0.11944444444444445
0 0.469921875 0.6833333333333333 0.0359375 0.1
0 0.15546875 0.7215277777777778 0.05546875 0.175