0 0.83203125 0.7534722222222222 0.04140625 0.1375
0 0.802734375 0.7472222222222222 0.03046875 0.09444444444444444
0 0.657421875 0.7048611111111112 0.04609375 0.12916666666666668
0 0.550390625 0.7055555555555556 0.0421875 0.14166666666666666
0 0.386328125 0.6854166666666667 0.03984375 0.1361111111111111
0 0.461328125 0.6895833333333333 0.04296875 0.13472222222222222
0 0.259375 0.6680555555555555 0.0453125 0.1597222222222222
0 0.890234375 0.7604166666666666 0.0328125 0.10972222222222222
0 0.605859375 0.7166666666666667 0.0484375 0.15416666666666667
0 0.421484375 0.7048611111111112 0.05234375 0.16666666666666666
0 0.515234375 0.70625 0.0546875 0.1875
0 0.750390625 0.7416666666666667 0.065625 0.19027777777777777
0 0.310546875 0.7222222222222222 0.096875 0.2972222222222222