0 0.847265625 0.6791666666666667 0.0375 0.13472222222222222
0 0.817578125 0.6798611111111111 0.02734375 0.09166666666666666
0 0.6703125 0.6694444444444444 0.0421875 0.12638888888888888
0 0.5640625 0.6930555555555555 0.03828125 0.1388888888888889
0 0.399609375 0.7083333333333334 0.0359375 0.13333333333333333
0 0.474609375 0.6965277777777777 0.0390625 0.13194444444444445
0 0.27265625 0.7194444444444444 0.04140625 0.15694444444444444
0 0.905078125 0.6736111111111112 0.03046875 0.10694444444444444
0 0.619921875 0.6916666666666667 0.04453125 0.15138888888888888
0 0.4359375 0.7201388888888889 0.04765625 0.1625
0 0.529296875 0.7013888888888888 0.05 0.18333333333333332
0 0.765234375 0.6854166666666667 0.0609375 0.18472222222222223
0 0.32734375 0.7618055555555555 0.0890625 0.2902777777777778