0 0.384765625 0.5097222222222222 0.090625 0.07916666666666666
0 0.385546875 0.3104166666666667 0.09140625 0.1
0 0.36328125 0.9180555555555555 0.0953125 0.07916666666666666
0 0.37109375 0.7326388888888888 0.09609375 0.08472222222222223
0 0.39453125 0.009722222222222222 0.0984375 0.019444444444444445
0 0.390234375 0.3854166666666667 0.08671875 0.08055555555555556
0 0.392578125 0.13333333333333333 0.09375 0.08611111111111111
0 0.38828125 0.17083333333333334 0.1 0.08888888888888889
0 0.36640625 0.7979166666666667 0.13125 0.12083333333333333
0 0.390625 0.02847222222222222 0.0828125 0.05694444444444444
0 0.362109375 0.5756944444444444 0.16171875 0.15138888888888888