0 0.3890625 0.5555555555555556 0.09296875 0.09166666666666666
0 0.364453125 0.3611111111111111 0.0953125 0.1125
0 0.419921875 0.9576388888888889 0.09765625 0.08472222222222223
0 0.40390625 0.7777777777777778 0.09921875 0.09861111111111111
0 0.333984375 0.05486111111111111 0.09921875 0.05416666666666667
0 0.378515625 0.43194444444444446 0.08984375 0.09305555555555556
0 0.348828125 0.18541666666666667 0.096875 0.1
0 0.349609375 0.22361111111111112 0.10234375 0.10277777777777777
0 0.4078125 0.84375 0.13515625 0.14027777777777778
0 0.3328125 0.0763888888888889 0.08515625 0.08472222222222223
0 0.375 0.6284722222222222 0.16640625 0.1736111111111111