0 0.959375 0.6409722222222223 0.025 0.06805555555555555
0 0.521484375 0.7013888888888888 0.04453125 0.16111111111111112
0 0.41015625 0.7277777777777777 0.05625 0.1625
0 0.751953125 0.6826388888888889 0.04453125 0.16944444444444445
0 0.647265625 0.6944444444444444 0.04765625 0.17083333333333334
0 0.220703125 0.7569444444444444 0.053125 0.17916666666666667
0 0.4515625 0.7090277777777778 0.0453125 0.15416666666666667
0 0.123828125 0.7736111111111111 0.07109375 0.19027777777777777
0 0.85625 0.6604166666666667 0.0390625 0.13194444444444445
0 0.983203125 0.6465277777777778 0.03359375 0.10416666666666667
0 0.310546875 0.7402777777777778 0.0484375 0.16666666666666666
0 0.33203125 0.7423611111111111 0.05 0.17777777777777778
0 0.684765625 0.69375 0.06796875 0.23333333333333334
0 0.248046875 0.7590277777777777 0.040625 0.14722222222222223
0 0.914453125 0.6444444444444445 0.06171875 0.18194444444444444
0 0.561328125 0.7326388888888888 0.08515625 0.2875