0 0.009765625 0.5944444444444444 0.01953125 0.125
0 0.75078125 0.7611111111111111 0.06171875 0.20972222222222223
0 0.7109375 0.7319444444444444 0.04921875 0.1597222222222222
0 0.895703125 0.7722222222222223 0.05 0.14583333333333334
0 0.14453125 0.6722222222222223 0.05625 0.19027777777777777
0 0.96640625 0.7777777777777778 0.05 0.18888888888888888
0 0.672265625 0.7527777777777778 0.08828125 0.2875
0 0.411328125 0.6743055555555556 0.04765625 0.16111111111111112
0 0.79140625 0.7777777777777778 0.05859375 0.18888888888888888
0 0.48671875 0.7097222222222223 0.05 0.16527777777777777
0 0.63984375 0.7333333333333333 0.06796875 0.24861111111111112
0 0.096875 0.6506944444444445 0.08203125 0.2638888888888889