0 0.01015625 0.6256944444444444 0.0203125 0.12361111111111112
0 0.755859375 0.7458333333333333 0.0578125 0.20694444444444443
0 0.715234375 0.71875 0.046875 0.15694444444444444
0 0.90078125 0.7472222222222222 0.04765625 0.14444444444444443
0 0.148046875 0.6944444444444444 0.053125 0.18888888888888888
0 0.971484375 0.7486111111111111 0.046875 0.18611111111111112
0 0.67734375 0.7423611111111111 0.08359375 0.2833333333333333
0 0.414453125 0.6791666666666667 0.0453125 0.15833333333333333
0 0.796875 0.7597222222222222 0.05546875 0.18611111111111112
0 0.491015625 0.7104166666666667 0.046875 0.1625
0 0.644140625 0.725 0.06328125 0.24583333333333332
0 0.1 0.6756944444444445 0.0765625 0.2611111111111111