0 0.432421875 0.6638888888888889 0.02890625 0.12083333333333333
0 0.478515625 0.64375 0.03515625 0.15
0 0.82265625 0.6034722222222222 0.015625 0.04027777777777778
0 0.416015625 0.6527777777777778 0.03515625 0.14722222222222223
0 0.59140625 0.6319444444444444 0.025 0.06944444444444445
0 0.501953125 0.6291666666666667 0.0359375 0.125
0 0.365234375 0.6534722222222222 0.040625 0.1597222222222222
0 0.33984375 0.6569444444444444 0.04140625 0.16111111111111112
0 0.12734375 0.6833333333333333 0.05234375 0.17083333333333334
0 0.291796875 0.6631944444444444 0.05 0.19722222222222222
0 0.251171875 0.66875 0.0453125 0.19027777777777777
0 0.196484375 0.6736111111111112 0.0578125 0.18333333333333332