0 0.424609375 0.6527777777777778 0.028125 0.11944444444444445
0 0.471484375 0.6402777777777777 0.034375 0.1486111111111111
0 0.81640625 0.6527777777777778 0.015625 0.04027777777777778
0 0.408984375 0.6388888888888888 0.034375 0.14583333333333334
0 0.584765625 0.6458333333333334 0.025 0.06805555555555555
0 0.495703125 0.6291666666666667 0.034375 0.12361111111111112
0 0.358203125 0.6319444444444444 0.0390625 0.1597222222222222
0 0.3328125 0.63125 0.03984375 0.16111111111111112
0 0.11953125 0.625 0.05078125 0.16944444444444445
0 0.284375 0.6305555555555555 0.0484375 0.19583333333333333
0 0.24375 0.6291666666666667 0.04375 0.19027777777777777
0 0.1890625 0.6256944444444444 0.05546875 0.18194444444444444