0 0.425 0.6180555555555556 0.04296875 0.125
0 0.4109375 0.6020833333333333 0.0421875 0.1361111111111111
0 0.4921875 0.6194444444444445 0.03984375 0.1375
0 0.21015625 0.5173611111111112 0.04765625 0.14583333333333334
0 0.497265625 0.6201388888888889 0.04609375 0.13333333333333333
0 0.588671875 0.6597222222222222 0.0296875 0.07916666666666666
0 0.333203125 0.5819444444444445 0.05234375 0.16527777777777777
0 0.067578125 0.5506944444444445 0.13515625 0.4152777777777778
0 0.359375 0.5888888888888889 0.053125 0.1625
0 0.130859375 0.50625 0.0625 0.175
0 0.24609375 0.5465277777777777 0.065625 0.20555555555555555
0 0.283984375 0.5645833333333333 0.0625 0.20277777777777778
0 0.175390625 0.5243055555555556 0.071875 0.2125