0 0.147265625 0.4930555555555556 0.05859375 0.24583333333333332
0 0.030078125 0.4597222222222222 0.06015625 0.25277777777777777
0 0.03046875 0.5798611111111112 0.0609375 0.5375
0 0.501953125 0.5263888888888889 0.0359375 0.125
0 0.69296875 0.5965277777777778 0.05078125 0.18611111111111112
0 0.819140625 0.6090277777777777 0.04609375 0.16805555555555557
0 0.95546875 0.7319444444444444 0.08828125 0.37777777777777777
0 0.851953125 0.6125 0.06015625 0.19583333333333333
0 0.658203125 0.5791666666666667 0.05 0.18333333333333332
0 0.61484375 0.5666666666666667 0.0578125 0.19583333333333333
0 0.29609375 0.5701388888888889 0.09765625 0.3416666666666667
0 0.22890625 0.5590277777777778 0.0921875 0.3541666666666667
0 0.4140625 0.5972222222222222 0.090625 0.33055555555555555
0 0.18359375 0.49722222222222223 0.071875 0.28194444444444444
0 0.083984375 0.47847222222222224 0.0921875 0.25416666666666665