0 0.151953125 0.6020833333333333 0.05390625 0.24444444444444444
0 0.030859375 0.6069444444444444 0.06171875 0.25
0 0.035546875 0.7277777777777777 0.07109375 0.5361111111111111
0 0.5046875 0.525 0.03359375 0.12361111111111112
0 0.699609375 0.5354166666666667 0.04765625 0.18333333333333332
0 0.825 0.5090277777777777 0.04296875 0.16666666666666666
0 0.965234375 0.5868055555555556 0.06953125 0.3736111111111111
0 0.857421875 0.5020833333333333 0.05625 0.19305555555555556
0 0.663671875 0.5291666666666667 0.046875 0.18055555555555555
0 0.61953125 0.5305555555555556 0.05390625 0.19305555555555556
0 0.305859375 0.6319444444444444 0.09140625 0.3375
0 0.2390625 0.6416666666666667 0.0859375 0.35138888888888886
0 0.425 0.6222222222222222 0.084375 0.3277777777777778
0 0.18828125 0.5951388888888889 0.0671875 0.28055555555555556
0 0.08828125 0.6069444444444444 0.0875 0.2513888888888889