0 0.160546875 0.8027777777777778 0.3171875 0.38333333333333336
0 0.62109375 0.76875 0.1546875 0.4625
0 0.88359375 0.6479166666666667 0.07578125 0.25833333333333336
0 0.025 0.7173611111111111 0.05 0.45694444444444443
0 0.798828125 0.7451388888888889 0.22265625 0.5097222222222222
0 0.1265625 0.6194444444444445 0.09140625 0.2875
0 0.96484375 0.7013888888888888 0.0703125 0.5972222222222222
0 0.458203125 0.6027777777777777 0.046875 0.18194444444444444
0 0.590234375 0.6673611111111111 0.0515625 0.21666666666666667
0 0.49609375 0.6652777777777777 0.05390625 0.25972222222222224
0 0.944140625 0.6680555555555555 0.065625 0.2763888888888889
0 0.334765625 0.6680555555555555 0.07265625 0.3458333333333333
0 0.543359375 0.7180555555555556 0.0671875 0.3486111111111111
0 0.061328125 0.6291666666666667 0.06171875 0.2375
0 0.419140625 0.7645833333333333 0.1328125 0.46944444444444444