0 0.3171875 0.5111111111111111 0.04609375 0.14722222222222223
0 0.0171875 0.4708333333333333 0.034375 0.25277777777777777
0 0.355078125 0.5090277777777777 0.053125 0.16666666666666666
0 0.834765625 0.6284722222222222 0.05078125 0.175
0 0.04453125 0.48333333333333334 0.084375 0.2902777777777778
0 0.86953125 0.6395833333333333 0.06171875 0.19583333333333333
0 0.715234375 0.6208333333333333 0.05546875 0.20833333333333334
0 0.412890625 0.6208333333333333 0.0984375 0.3902777777777778
0 0.671875 0.6034722222222222 0.05859375 0.19722222222222222
0 0.625390625 0.5833333333333334 0.065625 0.2125
0 0.262890625 0.5965277777777778 0.1140625 0.41388888888888886
0 0.111328125 0.5090277777777777 0.103125 0.36527777777777776
0 0.1875 0.58125 0.1171875 0.44166666666666665