0 0.32890625 0.6166666666666667 0.05234375 0.15138888888888888
0 0.033203125 0.7548611111111111 0.05546875 0.25277777777777777
0 0.364453125 0.5923611111111111 0.0609375 0.17083333333333334
0 0.83984375 0.42777777777777776 0.05859375 0.17916666666666667
0 0.06640625 0.7479166666666667 0.096875 0.29583333333333334
0 0.874609375 0.41805555555555557 0.06953125 0.2
0 0.72578125 0.49027777777777776 0.06484375 0.2111111111111111
0 0.43984375 0.6645833333333333 0.115625 0.3972222222222222
0 0.681640625 0.4979166666666667 0.0671875 0.2013888888888889
0 0.63359375 0.50625 0.075 0.21805555555555556
0 0.293359375 0.7284722222222222 0.13203125 0.42083333333333334
0 0.133984375 0.7333333333333333 0.11875 0.37222222222222223
0 0.21953125 0.7576388888888889 0.13671875 0.4486111111111111