0 0.3109375 0.6638888888888889 0.06953125 0.2263888888888889
0 0.2828125 0.6548611111111111 0.0671875 0.18055555555555555
0 0.173828125 0.8888888888888888 0.12421875 0.2222222222222222
0 0.235546875 0.6520833333333333 0.0484375 0.11944444444444445
0 0.140234375 0.6840277777777778 0.0375 0.1
0 0.966015625 0.3527777777777778 0.06796875 0.21944444444444444
0 0.122265625 0.8048611111111111 0.22578125 0.3902777777777778
0 0.777734375 0.475 0.1015625 0.32083333333333336
0 0.812890625 0.45416666666666666 0.078125 0.2638888888888889
0 0.352734375 0.6527777777777778 0.08671875 0.21944444444444444
0 0.928515625 0.4284722222222222 0.10078125 0.30694444444444446
0 0.866015625 0.44722222222222224 0.11640625 0.33055555555555555
0 0.59609375 0.6986111111111111 0.26484375 0.5944444444444444