0 0.721484375 0.5493055555555556 0.0296875 0.09166666666666666
0 0.6375 0.5305555555555556 0.02578125 0.07916666666666666
0 0.975390625 0.7125 0.04921875 0.38333333333333336
0 0.44765625 0.5590277777777778 0.059375 0.2013888888888889
0 0.291015625 0.54375 0.059375 0.23333333333333334
0 0.658984375 0.5409722222222222 0.03046875 0.09444444444444444
0 0.22734375 0.4826388888888889 0.03828125 0.12361111111111112
0 0.1296875 0.4583333333333333 0.0296875 0.10277777777777777
0 0.1125 0.4548611111111111 0.03125 0.10416666666666667
0 0.173828125 0.5159722222222223 0.06328125 0.21805555555555556
0 0.927734375 0.7076388888888889 0.09921875 0.36666666666666664
0 0.341015625 0.5645833333333333 0.075 0.22083333333333333
0 0.790234375 0.7611111111111111 0.41015625 0.4777777777777778