0 0.423828125 0.5743055555555555 0.05859375 0.13472222222222222
0 0.015625 0.7659722222222223 0.025 0.2569444444444444
0 0.16953125 0.6847222222222222 0.02890625 0.11805555555555555
0 0.976171875 0.6243055555555556 0.04765625 0.18472222222222223
0 0.557421875 0.6326388888888889 0.03046875 0.11666666666666667
0 0.257421875 0.7013888888888888 0.04609375 0.17222222222222222
0 0.767578125 0.6958333333333333 0.04921875 0.2777777777777778
0 0.734375 0.6993055555555555 0.065625 0.26666666666666666
0 0.81484375 0.6951388888888889 0.08359375 0.3055555555555556
0 0.213671875 0.7444444444444445 0.06640625 0.24027777777777778
0 0.047265625 0.7604166666666666 0.07578125 0.2833333333333333
0 0.92890625 0.6236111111111111 0.0515625 0.18888888888888888
0 0.10546875 0.7534722222222222 0.06640625 0.25