0 0.58046875 0.11736111111111111 0.06953125 0.07361111111111111
0 0.526171875 0.5611111111111111 0.0859375 0.0875
0 0.586328125 0.08125 0.075 0.07777777777777778
0 0.535546875 0.5298611111111111 0.10078125 0.10138888888888889
0 0.48203125 0.9541666666666667 0.096875 0.09166666666666666
0 0.521484375 0.6333333333333333 0.08515625 0.09305555555555556
0 0.51484375 0.6798611111111111 0.08359375 0.08611111111111111
0 0.591796875 0.04097222222222222 0.07265625 0.059722222222222225
0 0.490625 0.8826388888888889 0.090625 0.09027777777777778
0 0.53984375 0.49236111111111114 0.10546875 0.10694444444444444
0 0.522265625 0.7333333333333333 0.10078125 0.11666666666666667
0 0.57734375 0.2708333333333333 0.15625 0.16666666666666666
0 0.584375 0.3736111111111111 0.19140625 0.2111111111111111