0 0.530078125 0.9048611111111111 0.06953125 0.0763888888888889
0 0.4609375 0.4673611111111111 0.0859375 0.09166666666666666
0 0.534375 0.9416666666666667 0.07578125 0.08194444444444444
0 0.4609375 0.5034722222222222 0.1015625 0.10694444444444444
0 0.39375 0.07777777777777778 0.09765625 0.1111111111111111
0 0.445703125 0.4 0.08515625 0.09722222222222222
0 0.439453125 0.35347222222222224 0.084375 0.09027777777777778
0 0.540234375 0.975 0.07265625 0.05
0 0.40703125 0.15486111111111112 0.090625 0.09583333333333334
0 0.466796875 0.5402777777777777 0.10625 0.1125
0 0.41875 0.3125 0.1015625 0.12222222222222222
0 0.4921875 0.7666666666666667 0.15703125 0.175
0 0.458984375 0.6819444444444445 0.1921875 0.22083333333333333