0 0.462109375 0.9027777777777778 0.065625 0.05277777777777778
0 0.46796875 0.4486111111111111 0.08125 0.0625
0 0.46015625 0.9402777777777778 0.07109375 0.05555555555555555
0 0.462109375 0.48333333333333334 0.096875 0.07083333333333333
0 0.46796875 0.04097222222222222 0.09140625 0.07777777777777778
0 0.464453125 0.3763888888888889 0.08046875 0.06666666666666667
0 0.46640625 0.3284722222222222 0.0796875 0.06111111111111111
0 0.459375 0.9819444444444444 0.07109375 0.03611111111111111
0 0.46796875 0.12152777777777778 0.0859375 0.06388888888888888
0 0.46171875 0.5215277777777778 0.10078125 0.075
0 0.453125 0.27847222222222223 0.09453125 0.0875
0 0.4484375 0.7513888888888889 0.1484375 0.11944444444444445
0 0.430859375 0.6527777777777778 0.1796875 0.15555555555555556