0 0.013671875 0.36666666666666664 0.02734375 0.11944444444444445
0 0.4890625 0.5777777777777777 0.0640625 0.20694444444444443
0 0.31015625 0.5027777777777778 0.04375 0.15555555555555556
0 0.653515625 0.6326388888888889 0.0484375 0.16111111111111112
0 0.28984375 0.49236111111111114 0.0453125 0.15416666666666667
0 0.335546875 0.5083333333333333 0.04921875 0.15555555555555556
0 0.144921875 0.45 0.0625 0.18194444444444444
0 0.679296875 0.6402777777777777 0.0515625 0.16666666666666666
0 0.91171875 0.7354166666666667 0.0546875 0.1625
0 0.36484375 0.5805555555555556 0.1296875 0.3486111111111111
0 0.744140625 0.6652777777777777 0.05078125 0.14444444444444443
0 0.804296875 0.6923611111111111 0.059375 0.1736111111111111
0 0.2140625 0.4875 0.084375 0.23333333333333334
0 0.103125 0.4166666666666667 0.05546875 0.16944444444444445
0 0.6203125 0.6208333333333333 0.05546875 0.16666666666666666
0 0.8375 0.7034722222222223 0.04765625 0.14583333333333334
0 0.2625 0.4888888888888889 0.0609375 0.18333333333333332
0 0.8796875 0.7486111111111111 0.08515625 0.23194444444444445
0 0.512890625 0.5881944444444445 0.07109375 0.2111111111111111
0 0.411328125 0.5736111111111111 0.1046875 0.34305555555555556
0 0.563671875 0.6027777777777777 0.06953125 0.2
0 0.065625 0.4201388888888889 0.0796875 0.23055555555555557