0 0.012109375 0.6270833333333333 0.02109375 0.11666666666666667
0 0.50234375 0.5798611111111112 0.0484375 0.2
0 0.31875 0.6013888888888889 0.03125 0.15138888888888888
0 0.66875 0.5472222222222223 0.0359375 0.15555555555555556
0 0.29765625 0.6013888888888889 0.0328125 0.15
0 0.34375 0.5930555555555556 0.03671875 0.15138888888888888
0 0.15234375 0.6368055555555555 0.0484375 0.1736111111111111
0 0.69453125 0.5409722222222222 0.03828125 0.1625
0 0.932421875 0.5111111111111111 0.0421875 0.15555555555555556
0 0.383984375 0.6472222222222223 0.10390625 0.33194444444444443
0 0.760546875 0.53125 0.03984375 0.1388888888888889
0 0.82265625 0.5256944444444445 0.04609375 0.16666666666666666
0 0.224609375 0.6368055555555555 0.0671875 0.2222222222222222
0 0.106640625 0.6270833333333333 0.04296875 0.1625
0 0.634765625 0.5527777777777778 0.04296875 0.1597222222222222
0 0.85625 0.51875 0.03671875 0.14166666666666666
0 0.27109375 0.6125 0.046875 0.175
0 0.904296875 0.5402777777777777 0.06796875 0.22083333333333333
0 0.526953125 0.5770833333333333 0.05546875 0.20277777777777778
0 0.42734375 0.6159722222222223 0.07734375 0.33194444444444443
0 0.577734375 0.5652777777777778 0.05390625 0.19166666666666668
0 0.071484375 0.6493055555555556 0.0625 0.21944444444444444