0 0.455078125 0.49583333333333335 0.11171875 0.07916666666666666
0 0.4625 0.16875 0.084375 0.05138888888888889
0 0.455859375 0.7930555555555555 0.08671875 0.058333333333333334
0 0.4640625 0.13125 0.08359375 0.05416666666666667
0 0.4640625 0.21458333333333332 0.08359375 0.06111111111111111
0 0.456640625 0.8395833333333333 0.08984375 0.0625
0 0.4296875 0.2798611111111111 0.18359375 0.1736111111111111
0 0.45546875 0.9569444444444445 0.0765625 0.06527777777777778
0 0.4515625 0.027083333333333334 0.121875 0.05416666666666667
0 0.45625 0.7326388888888888 0.0890625 0.07083333333333333
0 0.4609375 0.08333333333333333 0.09765625 0.07777777777777778
0 0.45390625 0.5395833333333333 0.1125 0.09166666666666666
0 0.442578125 0.3597222222222222 0.18515625 0.12638888888888888
0 0.455078125 0.6305555555555555 0.10625 0.09027777777777778