0 0.50234375 0.8298611111111112 0.0953125 0.09583333333333334
0 0.526953125 0.9722222222222222 0.08828125 0.05555555555555555
0 0.41953125 0.2923611111111111 0.09296875 0.10694444444444444
0 0.43203125 0.3854166666666667 0.09609375 0.1111111111111111
0 0.490234375 0.725 0.09609375 0.09305555555555556
0 0.5109375 0.875 0.096875 0.09444444444444444
0 0.4515625 0.5277777777777778 0.1265625 0.12361111111111112
0 0.494921875 0.7701388888888889 0.09609375 0.1
0 0.4578125 0.5784722222222223 0.128125 0.13194444444444445
0 0.473828125 0.6631944444444444 0.115625 0.125
0 0.36328125 0.09513888888888888 0.19296875 0.1736111111111111
0 0.3921875 0.19305555555555556 0.196875 0.22361111111111112