0 0.83125 0.5208333333333334 0.03828125 0.15138888888888888
0 0.68359375 0.5472222222222223 0.040625 0.1638888888888889
0 0.954296875 0.5930555555555556 0.09140625 0.6805555555555556
0 0.198046875 0.6347222222222222 0.0453125 0.18055555555555555
0 0.779296875 0.5270833333333333 0.04375 0.15694444444444444
0 0.371875 0.6090277777777777 0.04765625 0.15833333333333333
0 0.42578125 0.6013888888888889 0.05 0.1625
0 0.6234375 0.5527777777777778 0.0390625 0.16666666666666666
0 0.71015625 0.5395833333333333 0.03984375 0.16805555555555557
0 0.812109375 0.5222222222222223 0.04453125 0.17222222222222222
0 0.0921875 0.6541666666666667 0.04296875 0.1736111111111111
0 0.5078125 0.5895833333333333 0.0515625 0.21944444444444444
0 0.140625 0.6722222222222223 0.08203125 0.25555555555555554
0 0.87421875 0.5138888888888888 0.0390625 0.14722222222222223
0 0.64921875 0.5513888888888889 0.04375 0.16527777777777777
0 0.919140625 0.5361111111111111 0.0703125 0.22916666666666666
0 0.537109375 0.5861111111111111 0.05703125 0.22083333333333333
0 0.58671875 0.5715277777777777 0.0546875 0.1986111111111111
0 0.0515625 0.6784722222222223 0.0703125 0.23055555555555557
0 0.239453125 0.6791666666666667 0.09921875 0.3402777777777778
0 0.3125 0.6416666666666667 0.1 0.33611111111111114