0 0.82890625 0.4284722222222222 0.05 0.15694444444444444
0 0.685546875 0.49583333333333335 0.05390625 0.16944444444444445
0 0.94140625 0.46111111111111114 0.1171875 0.6861111111111111
0 0.213671875 0.7173611111111111 0.059375 0.18611111111111112
0 0.778125 0.4486111111111111 0.05625 0.1625
0 0.383203125 0.6430555555555556 0.06015625 0.16527777777777777
0 0.435546875 0.6208333333333333 0.0625 0.17083333333333334
0 0.6265625 0.5173611111111112 0.05234375 0.17083333333333334
0 0.7109375 0.48055555555555557 0.053125 0.17222222222222222
0 0.81015625 0.4354166666666667 0.05859375 0.17777777777777778
0 0.1109375 0.7652777777777777 0.05703125 0.17916666666666667
0 0.515625 0.5861111111111111 0.06953125 0.225
0 0.16015625 0.7701388888888889 0.1015625 0.26944444444444443
0 0.87109375 0.40902777777777777 0.05078125 0.1527777777777778
0 0.651953125 0.5090277777777777 0.05625 0.17083333333333334
0 0.916796875 0.41875 0.0875 0.24027777777777778
0 0.544140625 0.575 0.07421875 0.22777777777777777
0 0.591796875 0.5465277777777777 0.0703125 0.20555555555555555
0 0.07265625 0.8006944444444445 0.0875 0.24166666666666667
0 0.25859375 0.7493055555555556 0.12578125 0.35555555555555557
0 0.32734375 0.6916666666666667 0.12578125 0.35