0 0.56171875 0.7875 0.1359375 0.08611111111111111
0 0.557421875 0.9847222222222223 0.12109375 0.030555555555555555
0 0.5390625 0.26458333333333334 0.1125 0.06805555555555555
0 0.54296875 0.1451388888888889 0.109375 0.07083333333333333
0 0.555859375 0.5215277777777778 0.14609375 0.10416666666666667
0 0.54375 0.08680555555555555 0.10625 0.06527777777777778
0 0.55 0.6638888888888889 0.103125 0.08888888888888889
0 0.54921875 0.34652777777777777 0.1265625 0.10138888888888889
0 0.562890625 0.8444444444444444 0.13984375 0.1
0 0.54375 0.21041666666666667 0.1109375 0.0763888888888889
0 0.55625 0.44722222222222224 0.1453125 0.08888888888888889