0 0.424609375 0.22291666666666668 0.13984375 0.10694444444444444
0 0.419140625 0.025694444444444443 0.121875 0.04861111111111111
0 0.47265625 0.7402777777777778 0.115625 0.08472222222222223
0 0.474609375 0.8604166666666667 0.1125 0.0875
0 0.443359375 0.4875 0.15078125 0.12638888888888888
0 0.4765625 0.9180555555555555 0.109375 0.08194444444444444
0 0.4421875 0.34444444444444444 0.10703125 0.10416666666666667
0 0.45859375 0.6604166666666667 0.13125 0.12083333333333333
0 0.4203125 0.16666666666666666 0.14453125 0.12083333333333333
0 0.470703125 0.7951388888888888 0.1140625 0.09305555555555556
0 0.446484375 0.5611111111111111 0.14921875 0.1111111111111111