0 0.40859375 0.2388888888888889 0.14296875 0.13055555555555556
0 0.391796875 0.04375 0.121875 0.07083333333333333
0 0.487109375 0.7444444444444445 0.11796875 0.10555555555555556
0 0.49609375 0.8631944444444445 0.11484375 0.10694444444444444
0 0.44296875 0.4979166666666667 0.1546875 0.15138888888888888
0 0.5015625 0.9201388888888888 0.1109375 0.1
0 0.433203125 0.35625 0.1109375 0.12222222222222222
0 0.46796875 0.6673611111111111 0.13515625 0.14305555555555555
0 0.401171875 0.18333333333333332 0.14765625 0.14583333333333334
0 0.48828125 0.7993055555555556 0.1171875 0.1125
0 0.450390625 0.5708333333333333 0.15234375 0.1361111111111111