0 0.9 0.7465277777777778 0.09296875 0.49722222222222223
0 0.083984375 0.6534722222222222 0.0859375 0.3819444444444444
0 0.97421875 0.6597222222222222 0.0515625 0.29444444444444445
0 0.187109375 0.5618055555555556 0.03359375 0.1125
0 0.21640625 0.5590277777777778 0.0328125 0.12916666666666668
0 0.690625 0.7173611111111111 0.11875 0.5652777777777778
0 0.098828125 0.6604166666666667 0.1140625 0.39861111111111114
0 0.903515625 0.6597222222222222 0.08671875 0.3125
0 0.56015625 0.6534722222222222 0.06640625 0.31805555555555554
0 0.619140625 0.7145833333333333 0.12109375 0.5708333333333333
0 0.82578125 0.7020833333333333 0.2390625 0.5958333333333333
0 0.468359375 0.7048611111111112 0.18203125 0.5902777777777778
0 0.32109375 0.6979166666666666 0.19296875 0.5833333333333334