0 0.897265625 0.7548611111111111 0.09765625 0.49027777777777776
0 0.082421875 0.6402777777777777 0.08984375 0.38333333333333336
0 0.97265625 0.675 0.05390625 0.29444444444444445
0 0.18671875 0.5520833333333334 0.034375 0.11388888888888889
0 0.215625 0.55 0.03359375 0.12916666666666668
0 0.68828125 0.7194444444444444 0.125 0.5611111111111111
0 0.097265625 0.6479166666666667 0.11796875 0.4013888888888889
0 0.901953125 0.6722222222222223 0.08984375 0.3138888888888889
0 0.55859375 0.6555555555555556 0.06953125 0.3194444444444444
0 0.61640625 0.7159722222222222 0.1265625 0.5680555555555555
0 0.823828125 0.7055555555555556 0.24453125 0.5888888888888889
0 0.46640625 0.7027777777777777 0.1875 0.5944444444444444
0 0.31953125 0.6923611111111111 0.1984375 0.5888888888888889