0 0.456640625 0.5770833333333333 0.025 0.08055555555555556
0 0.596875 0.58125 0.02265625 0.0763888888888889
0 0.513671875 0.7111111111111111 0.059375 0.14444444444444443
0 0.56875 0.5888888888888889 0.02265625 0.07916666666666666
0 0.60078125 0.58125 0.02421875 0.07361111111111111
0 0.910546875 0.6395833333333333 0.0890625 0.2902777777777778
0 0.908984375 0.7465277777777778 0.09140625 0.5069444444444444
0 0.96015625 0.7125 0.0796875 0.575
0 0.816796875 0.7305555555555555 0.23984375 0.5388888888888889
0 0.71875 0.7027777777777777 0.1484375 0.5944444444444444
0 0.337109375 0.7298611111111111 0.1640625 0.5319444444444444
0 0.109375 0.7020833333333333 0.21875 0.5791666666666667