0 0.44921875 0.5611111111111111 0.0328125 0.08611111111111111
0 0.586328125 0.6131944444444445 0.03046875 0.08333333333333333
0 0.490625 0.7118055555555556 0.0734375 0.16111111111111112
0 0.5578125 0.6104166666666667 0.03046875 0.08611111111111111
0 0.590234375 0.6138888888888889 0.03125 0.07916666666666666
0 0.887890625 0.7763888888888889 0.11796875 0.3125
0 0.874609375 0.8090277777777778 0.14453125 0.3819444444444444
0 0.928125 0.7854166666666667 0.1421875 0.42916666666666664
0 0.785546875 0.7652777777777777 0.29296875 0.46944444444444444
0 0.6921875 0.7291666666666666 0.209375 0.5416666666666666
0 0.315625 0.6701388888888888 0.2171875 0.575
0 0.11640625 0.5645833333333333 0.2328125 0.6402777777777777