0 0.009765625 0.6006944444444444 0.01953125 0.12083333333333333
0 0.341015625 0.5833333333333334 0.0265625 0.07777777777777778
0 0.5078125 0.6055555555555555 0.01875 0.04722222222222222
0 0.30703125 0.5798611111111112 0.02265625 0.09444444444444444
0 0.42890625 0.5854166666666667 0.02578125 0.0875
0 0.59375 0.5805555555555556 0.01796875 0.07222222222222222
0 0.568359375 0.5847222222222223 0.0203125 0.08194444444444444
0 0.605078125 0.5770833333333333 0.021875 0.075
0 0.454296875 0.5854166666666667 0.025 0.08333333333333333
0 0.890625 0.7027777777777777 0.21875 0.5722222222222222
0 0.24375 0.7208333333333333 0.228125 0.5583333333333333
0 0.775 0.6680555555555555 0.225 0.6541666666666667