0 0.240625 0.78125 0.07421875 0.22916666666666666
0 0.701953125 0.5680555555555555 0.05546875 0.16111111111111112
0 0.637890625 0.5916666666666667 0.03828125 0.12638888888888888
0 0.941015625 0.5569444444444445 0.11796875 0.4027777777777778
0 0.13515625 0.8194444444444444 0.06875 0.2375
0 0.053515625 0.8625 0.06953125 0.2611111111111111
0 0.959765625 0.53125 0.08046875 0.47638888888888886
0 0.3125 0.7465277777777778 0.07421875 0.22777777777777777
0 0.16953125 0.8111111111111111 0.10390625 0.31666666666666665
0 0.683203125 0.6118055555555556 0.1125 0.2972222222222222
0 0.376953125 0.7256944444444444 0.10625 0.34305555555555556
0 0.430859375 0.7076388888888889 0.10234375 0.2972222222222222
0 0.0921875 0.8534722222222222 0.096875 0.29305555555555557
0 0.778125 0.5347222222222222 0.09921875 0.30833333333333335