0 0.22109375 0.7138888888888889 0.05859375 0.2222222222222222
0 0.694921875 0.6173611111111111 0.04453125 0.15555555555555556
0 0.629296875 0.625 0.02890625 0.12222222222222222
0 0.940234375 0.6680555555555555 0.10703125 0.3888888888888889
0 0.113671875 0.7256944444444444 0.0515625 0.23333333333333334
0 0.0296875 0.7486111111111111 0.05078125 0.25833333333333336
0 0.964453125 0.65 0.07109375 0.46944444444444444
0 0.294921875 0.6979166666666666 0.05859375 0.22083333333333333
0 0.1484375 0.7263888888888889 0.08203125 0.30694444444444446
0 0.67265625 0.6555555555555556 0.09375 0.2833333333333333
0 0.360546875 0.6930555555555555 0.0828125 0.3347222222222222
0 0.415234375 0.6881944444444444 0.08203125 0.2861111111111111
0 0.068359375 0.7576388888888889 0.07578125 0.3013888888888889
0 0.77265625 0.6034722222222222 0.078125 0.2986111111111111