0 0.01875 0.6097222222222223 0.0375 0.16111111111111112
0 0.0234375 0.48680555555555555 0.046875 0.3958333333333333
0 0.9171875 0.7680555555555556 0.165625 0.4638888888888889
0 0.105078125 0.5090277777777777 0.10078125 0.3194444444444444
0 0.021484375 0.6993055555555555 0.04296875 0.1597222222222222
0 0.690625 0.7847222222222222 0.1125 0.28055555555555556
0 0.164453125 0.5256944444444445 0.08984375 0.2791666666666667
0 0.074609375 0.4909722222222222 0.109375 0.33194444444444443
0 0.859375 0.8 0.2046875 0.4
0 0.257421875 0.6145833333333334 0.17265625 0.5458333333333333
0 0.2171875 0.5458333333333333 0.1 0.29305555555555557
0 0.359375 0.6368055555555555 0.1703125 0.4305555555555556