0 0.890625 0.6729166666666667 0.21875 0.5236111111111111
0 0.574609375 0.6201388888888889 0.07890625 0.28194444444444444
0 0.97265625 0.6479166666666667 0.0546875 0.48194444444444445
0 0.46640625 0.7777777777777778 0.2421875 0.4444444444444444
0 0.749609375 0.6902777777777778 0.2015625 0.5430555555555555
0 0.3125 0.6069444444444444 0.05 0.18472222222222223
0 0.141796875 0.6569444444444444 0.0546875 0.1736111111111111
0 0.21640625 0.6409722222222223 0.0578125 0.16666666666666666
0 0.51796875 0.6006944444444444 0.07578125 0.25555555555555554
0 0.08984375 0.6256944444444444 0.0640625 0.13333333333333333
0 0.276953125 0.6416666666666667 0.0828125 0.24722222222222223
0 0.6421875 0.73125 0.16953125 0.5027777777777778