0 0.888671875 0.6972222222222222 0.2125 0.5138888888888888
0 0.571875 0.625 0.07421875 0.2791666666666667
0 0.9734375 0.6791666666666667 0.053125 0.48055555555555557
0 0.4609375 0.7791666666666667 0.234375 0.44166666666666665
0 0.745703125 0.7055555555555556 0.1921875 0.5347222222222222
0 0.310546875 0.5951388888888889 0.046875 0.18333333333333332
0 0.138671875 0.6347222222222222 0.0515625 0.17083333333333334
0 0.2140625 0.6236111111111111 0.05546875 0.1638888888888889
0 0.516015625 0.6020833333333333 0.07109375 0.25277777777777777
0 0.087890625 0.6006944444444444 0.06171875 0.13055555555555556
0 0.27421875 0.6277777777777778 0.078125 0.24444444444444444
0 0.6375 0.7402777777777778 0.1609375 0.49583333333333335