0 0.834765625 0.8131944444444444 0.24609375 0.3736111111111111
0 0.546875 0.6583333333333333 0.09375 0.28888888888888886
0 0.9296875 0.8479166666666667 0.1109375 0.30416666666666664
0 0.412109375 0.7506944444444444 0.26328125 0.4986111111111111
0 0.69765625 0.7736111111111111 0.228125 0.4527777777777778
0 0.303515625 0.4861111111111111 0.06015625 0.18888888888888888
0 0.133203125 0.42986111111111114 0.06328125 0.17916666666666667
0 0.206640625 0.46041666666666664 0.06640625 0.17222222222222222
0 0.49765625 0.6055555555555555 0.0890625 0.2625
0 0.090625 0.36875 0.0703125 0.14166666666666666
0 0.262890625 0.49722222222222223 0.0953125 0.25555555555555554
0 0.5890625 0.7722222222222223 0.1953125 0.45555555555555555