0 0.40859375 0.58125 0.06640625 0.28055555555555556
0 0.531640625 0.6229166666666667 0.06953125 0.25416666666666665
0 0.6390625 0.6194444444444445 0.05625 0.23194444444444445
0 0.25390625 0.5527777777777778 0.0359375 0.18194444444444444
0 0.101953125 0.5590277777777778 0.05 0.2111111111111111
0 0.82109375 0.6826388888888889 0.10703125 0.30833333333333335
0 0.311328125 0.5618055555555556 0.0390625 0.17777777777777778
0 0.44609375 0.5965277777777778 0.05546875 0.23055555555555557
0 0.19765625 0.5756944444444444 0.05390625 0.19444444444444445
0 0.583984375 0.6138888888888889 0.05859375 0.22777777777777777
0 0.148046875 0.5527777777777778 0.0484375 0.1736111111111111
0 0.347265625 0.5888888888888889 0.0578125 0.24722222222222223
0 0.9140625 0.71875 0.16484375 0.3597222222222222
0 0.28125 0.5513888888888889 0.0421875 0.1875
0 0.7234375 0.7569444444444444 0.1328125 0.4861111111111111