0 0.4046875 0.5666666666666667 0.0796875 0.2875
0 0.525390625 0.6270833333333333 0.08125 0.2625
0 0.6328125 0.6402777777777777 0.0671875 0.2388888888888889
0 0.25234375 0.5145833333333333 0.04453125 0.18611111111111112
0 0.10078125 0.4965277777777778 0.06015625 0.21666666666666667
0 0.8109375 0.7319444444444444 0.12109375 0.32222222222222224
0 0.308984375 0.5326388888888889 0.04765625 0.18194444444444444
0 0.44140625 0.5881944444444445 0.06640625 0.2375
0 0.194921875 0.5284722222222222 0.0625 0.2013888888888889
0 0.578125 0.6263888888888889 0.06875 0.23472222222222222
0 0.146875 0.4979166666666667 0.05703125 0.17916666666666667
0 0.34375 0.5652777777777778 0.06953125 0.25416666666666665
0 0.9015625 0.7819444444444444 0.18046875 0.3819444444444444
0 0.2796875 0.5166666666666667 0.05078125 0.19166666666666668
0 0.71015625 0.7701388888888889 0.15625 0.4597222222222222