0 0.5984375 0.6743055555555556 0.0484375 0.1638888888888889
0 0.871875 0.7854166666666667 0.06875 0.19722222222222222
0 0.396484375 0.6145833333333334 0.0609375 0.20694444444444443
0 0.059765625 0.5201388888888889 0.11953125 0.6125
0 0.523828125 0.6840277777777778 0.08125 0.2513888888888889
0 0.569140625 0.6708333333333333 0.0625 0.19444444444444445
0 0.420703125 0.61875 0.07578125 0.2361111111111111
0 0.73203125 0.7611111111111111 0.1078125 0.3347222222222222
0 0.62265625 0.6902777777777778 0.06015625 0.18055555555555555
0 0.48359375 0.6652777777777777 0.0828125 0.25277777777777777
0 0.666796875 0.7013888888888888 0.05859375 0.1763888888888889