0 0.971875 0.6875 0.05234375 0.1875
0 0.516015625 0.5708333333333333 0.08359375 0.2625
0 0.92265625 0.6722222222222223 0.075 0.23194444444444445
0 0.8640625 0.6680555555555555 0.09453125 0.25277777777777777
0 0.558984375 0.5541666666666667 0.07734375 0.2152777777777778
0 0.144140625 0.5770833333333333 0.25859375 0.6541666666666667
0 0.471875 0.6 0.1140625 0.3472222222222222
0 0.30078125 0.4875 0.07890625 0.22361111111111112
0 0.691796875 0.6104166666666667 0.06328125 0.19722222222222222
0 0.63828125 0.5826388888888889 0.0640625 0.20694444444444443
0 0.7609375 0.6569444444444444 0.10625 0.2916666666666667