0 0.978515625 0.6131944444444445 0.04296875 0.18472222222222223
0 0.51953125 0.5680555555555555 0.071875 0.2569444444444444
0 0.929296875 0.60625 0.06484375 0.2263888888888889
0 0.870703125 0.6111111111111112 0.084375 0.24583333333333332
0 0.561328125 0.5451388888888888 0.06875 0.20972222222222223
0 0.14921875 0.6319444444444444 0.23203125 0.6319444444444444
0 0.476953125 0.6041666666666666 0.09921875 0.3388888888888889
0 0.30078125 0.51875 0.06953125 0.21805555555555556
0 0.696484375 0.5798611111111112 0.0546875 0.19305555555555556
0 0.641796875 0.5604166666666667 0.0546875 0.20277777777777778
0 0.767578125 0.6159722222222223 0.09453125 0.28194444444444444