0 0.98046875 0.5833333333333334 0.0390625 0.18333333333333332
0 0.520703125 0.5666666666666667 0.0671875 0.25416666666666665
0 0.93125 0.5791666666666667 0.0609375 0.22361111111111112
0 0.87265625 0.5881944444444445 0.0796875 0.24166666666666667
0 0.562109375 0.5409722222222222 0.06484375 0.20694444444444443
0 0.151953125 0.6534722222222222 0.2203125 0.6222222222222222
0 0.47890625 0.6055555555555555 0.09296875 0.33611111111111114
0 0.3015625 0.53125 0.065625 0.2152777777777778
0 0.69765625 0.5680555555555555 0.05078125 0.19166666666666668
0 0.64296875 0.5520833333333334 0.0515625 0.2013888888888889
0 0.769921875 0.5993055555555555 0.0890625 0.2791666666666667