0 0.137109375 0.46597222222222223 0.109375 0.3888888888888889
0 0.875 0.7513888888888889 0.12890625 0.35694444444444445
0 0.8953125 0.7965277777777777 0.1984375 0.40694444444444444
0 0.18984375 0.4930555555555556 0.15234375 0.44166666666666665
0 0.04609375 0.47291666666666665 0.0921875 0.6041666666666666
0 0.63515625 0.6027777777777777 0.0734375 0.21666666666666667
0 0.8046875 0.7180555555555556 0.096875 0.30833333333333335
0 0.551171875 0.7243055555555555 0.18359375 0.5513888888888889
0 0.365625 0.60625 0.15703125 0.5138888888888888
0 0.73125 0.7166666666666667 0.15859375 0.4930555555555556
0 0.298828125 0.5972222222222222 0.29453125 0.7013888888888888
0 0.444921875 0.6618055555555555 0.17265625 0.5388888888888889