0 0.721484375 0.6145833333333334 0.053125 0.19722222222222222
0 0.3421875 0.5902777777777778 0.125 0.475
0 0.44453125 0.5826388888888889 0.04609375 0.19583333333333333
0 0.58203125 0.5875 0.04453125 0.18472222222222223
0 0.471875 0.5680555555555555 0.0421875 0.18611111111111112
0 0.828515625 0.6298611111111111 0.06328125 0.19305555555555556
0 0.54375 0.5819444444444445 0.04765625 0.1986111111111111
0 0.658984375 0.6006944444444444 0.0546875 0.22916666666666666
0 0.619140625 0.5833333333333334 0.0453125 0.19166666666666668
0 0.9046875 0.6305555555555555 0.06328125 0.25
0 0.505078125 0.5805555555555556 0.0421875 0.2013888888888889