0 0.444140625 0.7430555555555556 0.08359375 0.3888888888888889
0 0.3890625 0.6923611111111111 0.075 0.2708333333333333
0 0.40625 0.8548611111111111 0.1171875 0.2902777777777778
0 0.338671875 0.7375 0.10234375 0.3541666666666667
0 0.96875 0.6958333333333333 0.0625 0.4305555555555556
0 0.05 0.8180555555555555 0.0890625 0.3638888888888889
0 0.8765625 0.7152777777777778 0.23671875 0.46944444444444444
0 0.13984375 0.8166666666666667 0.1265625 0.36666666666666664
0 0.493359375 0.7631944444444444 0.16640625 0.4736111111111111
0 0.701171875 0.7236111111111111 0.1609375 0.5027777777777778
0 0.77578125 0.675 0.11484375 0.40694444444444444
0 0.25546875 0.8055555555555556 0.16875 0.3888888888888889
0 0.60390625 0.7819444444444444 0.13984375 0.4166666666666667