0 0.446484375 0.7444444444444445 0.0875 0.3902777777777778
0 0.391015625 0.6958333333333333 0.07734375 0.2722222222222222
0 0.409765625 0.8555555555555555 0.11953125 0.28888888888888886
0 0.34140625 0.7423611111111111 0.10546875 0.35555555555555557
0 0.96875 0.6798611111111111 0.0625 0.43194444444444446
0 0.053515625 0.8243055555555555 0.09296875 0.35138888888888886
0 0.878515625 0.7034722222222223 0.240625 0.475
0 0.142578125 0.8215277777777777 0.13046875 0.35694444444444445
0 0.49609375 0.7625 0.1703125 0.475
0 0.703515625 0.7173611111111111 0.165625 0.5055555555555555
0 0.77734375 0.6659722222222222 0.11796875 0.4083333333333333
0 0.258203125 0.8083333333333333 0.17265625 0.38333333333333336
0 0.606640625 0.7791666666666667 0.14375 0.41944444444444445