0 0.015625 0.6729166666666667 0.03125 0.41805555555555557
0 0.530078125 0.7284722222222222 0.09765625 0.40555555555555556
0 0.379296875 0.75 0.10625 0.44305555555555554
0 0.955078125 0.8284722222222223 0.07265625 0.34305555555555556
0 0.247265625 0.5916666666666667 0.0734375 0.25
0 0.58203125 0.7548611111111111 0.1546875 0.49027777777777776
0 0.1234375 0.7243055555555555 0.1859375 0.4236111111111111
0 0.428125 0.7548611111111111 0.2046875 0.49027777777777776
0 0.296484375 0.6826388888888889 0.1234375 0.3875
0 0.205078125 0.6638888888888889 0.10078125 0.2986111111111111
0 0.05 0.6888888888888889 0.1 0.4361111111111111
0 0.855859375 0.8152777777777778 0.22890625 0.36944444444444446
0 0.683984375 0.7729166666666667 0.15390625 0.45416666666666666
0 0.77109375 0.7868055555555555 0.12421875 0.41388888888888886