0 0.633203125 0.4875 0.0390625 0.13194444444444445
0 0.23046875 0.6090277777777777 0.03984375 0.12777777777777777
0 0.81953125 0.43472222222222223 0.03125 0.10416666666666667
0 0.055859375 0.7555555555555555 0.11171875 0.4888888888888889
0 0.8796875 0.4375 0.0421875 0.1361111111111111
0 0.653515625 0.4798611111111111 0.03828125 0.13194444444444445
0 0.93671875 0.5354166666666667 0.1265625 0.4708333333333333
0 0.071484375 0.7520833333333333 0.14296875 0.49583333333333335
0 0.278515625 0.5888888888888889 0.046875 0.15833333333333333
0 0.844140625 0.43333333333333335 0.04609375 0.15555555555555556
0 0.749609375 0.5638888888888889 0.12734375 0.3902777777777778
0 0.153125 0.7423611111111111 0.2625 0.5152777777777777
0 0.350390625 0.725 0.20234375 0.55
0 0.459765625 0.6208333333333333 0.11015625 0.3819444444444444
0 0.571484375 0.6729166666666667 0.23359375 0.6541666666666667