0 0.061328125 0.5527777777777778 0.12265625 0.7916666666666666
0 0.971484375 0.7145833333333333 0.05625 0.3680555555555556
0 0.928125 0.6881944444444444 0.1203125 0.4236111111111111
0 0.806640625 0.5763888888888888 0.03515625 0.12777777777777777
0 0.13203125 0.6520833333333333 0.165625 0.6194444444444445
0 0.871484375 0.5902777777777778 0.05078125 0.17916666666666667
0 0.469140625 0.5375 0.04453125 0.17222222222222222
0 0.52421875 0.6069444444444444 0.0875 0.3541666666666667
0 0.69140625 0.5583333333333333 0.0515625 0.19722222222222222
0 0.768359375 0.6111111111111112 0.1125 0.2763888888888889
0 0.243359375 0.6833333333333333 0.21015625 0.5930555555555556
0 0.396484375 0.7097222222222223 0.1578125 0.5708333333333333
0 0.597265625 0.7034722222222223 0.16796875 0.5930555555555556