0 0.06640625 0.5111111111111111 0.1328125 0.7972222222222223
0 0.96484375 0.7583333333333333 0.0671875 0.37083333333333335
0 0.921875 0.7277777777777777 0.13203125 0.4305555555555556
0 0.80390625 0.6048611111111111 0.0390625 0.12916666666666668
0 0.128125 0.6173611111111111 0.1828125 0.6291666666666667
0 0.868359375 0.6243055555555556 0.05546875 0.18194444444444444
0 0.46796875 0.5340277777777778 0.04921875 0.175
0 0.52109375 0.6090277777777777 0.09765625 0.3597222222222222
0 0.689453125 0.5763888888888888 0.05703125 0.2
0 0.76484375 0.6361111111111111 0.11953125 0.2847222222222222
0 0.23828125 0.6590277777777778 0.22578125 0.6069444444444444
0 0.390625 0.7 0.1734375 0.5805555555555556
0 0.59140625 0.7055555555555556 0.184375 0.5888888888888889