0 0.085546875 0.6777777777777778 0.17109375 0.6444444444444445
0 0.973046875 0.4895833333333333 0.05390625 0.37083333333333335
0 0.93359375 0.4847222222222222 0.1328125 0.4388888888888889
0 0.807421875 0.4326388888888889 0.04296875 0.13194444444444445
0 0.166796875 0.7479166666666667 0.20390625 0.5041666666666667
0 0.871875 0.41597222222222224 0.06171875 0.18472222222222223
0 0.47578125 0.55 0.05546875 0.17777777777777778
0 0.5390625 0.5916666666666667 0.11015625 0.36527777777777776
0 0.693359375 0.46875 0.0640625 0.20277777777777778
0 0.77578125 0.4840277777777778 0.12890625 0.29444444444444445
0 0.278515625 0.7416666666666667 0.24609375 0.5166666666666667
0 0.43046875 0.7270833333333333 0.19375 0.5458333333333333
0 0.625390625 0.6618055555555555 0.20625 0.6347222222222222