0 0.840234375 0.8138888888888889 0.03828125 0.125
0 0.16953125 0.6277777777777778 0.109375 0.2916666666666667
0 0.055078125 0.6361111111111111 0.11015625 0.5222222222222223
0 0.867578125 0.7909722222222222 0.04140625 0.11805555555555555
0 0.387109375 0.775 0.14140625 0.42083333333333334
0 0.960546875 0.7979166666666667 0.04375 0.09861111111111111
0 0.071484375 0.6548611111111111 0.14296875 0.5013888888888889
0 0.915625 0.7972222222222223 0.03828125 0.09305555555555556
0 0.752734375 0.7847222222222222 0.04296875 0.12083333333333333
0 0.803515625 0.7958333333333333 0.04140625 0.13194444444444445
0 0.27421875 0.6972222222222222 0.2078125 0.5319444444444444