0 0.45703125 0.5520833333333334 0.04296875 0.18472222222222223
0 0.11171875 0.5034722222222222 0.0421875 0.15694444444444444
0 0.05703125 0.49722222222222223 0.0484375 0.14722222222222223
0 0.958203125 0.45625 0.08359375 0.41805555555555557
0 0.95078125 0.6125 0.0984375 0.775
0 0.33046875 0.5256944444444445 0.04296875 0.16666666666666666
0 0.4359375 0.5493055555555556 0.03984375 0.17916666666666667
0 0.373828125 0.5458333333333333 0.03828125 0.16527777777777777
0 0.410546875 0.5416666666666666 0.0375 0.175
0 0.2953125 0.5368055555555555 0.05390625 0.1763888888888889
0 0.49765625 0.5604166666666667 0.0453125 0.1986111111111111
0 0.65390625 0.6208333333333333 0.07421875 0.2708333333333333