0 0.080078125 0.8138888888888889 0.14453125 0.37222222222222223
0 0.5828125 0.5194444444444445 0.06484375 0.20277777777777778
0 0.070703125 0.7798611111111111 0.125 0.30416666666666664
0 0.965625 0.48055555555555557 0.06875 0.5
0 0.3890625 0.5944444444444444 0.07421875 0.19583333333333333
0 0.63984375 0.5277777777777778 0.10546875 0.3347222222222222
0 0.780859375 0.4756944444444444 0.10078125 0.31527777777777777
0 0.45859375 0.7243055555555555 0.203125 0.5513888888888889
0 0.568359375 0.7041666666666667 0.17890625 0.5416666666666666
0 0.70859375 0.5784722222222223 0.1734375 0.5333333333333333
0 0.88515625 0.49722222222222223 0.15703125 0.4527777777777778
0 0.15703125 0.7159722222222222 0.10546875 0.2875