0 0.052734375 0.48680555555555555 0.10546875 0.44305555555555554
0 0.56953125 0.5819444444444445 0.06171875 0.20277777777777778
0 0.05234375 0.41597222222222224 0.1046875 0.3013888888888889
0 0.942578125 0.80625 0.10390625 0.3875
0 0.37734375 0.4986111111111111 0.07109375 0.19444444444444445
0 0.61875 0.6347222222222222 0.1 0.3333333333333333
0 0.758203125 0.6972222222222222 0.09609375 0.3138888888888889
0 0.402734375 0.6861111111111111 0.19375 0.5847222222222223
0 0.5109375 0.7333333333333333 0.1703125 0.5333333333333333
0 0.668359375 0.7333333333333333 0.16484375 0.5305555555555556
0 0.846875 0.7861111111111111 0.15 0.42777777777777776
0 0.138671875 0.4263888888888889 0.10078125 0.2861111111111111