0 0.753515625 0.5333333333333333 0.046875 0.1625
0 0.96640625 0.7034722222222223 0.0671875 0.4013888888888889
0 0.8875 0.6569444444444444 0.109375 0.42083333333333334
0 0.6765625 0.5166666666666667 0.04140625 0.14166666666666666
0 0.811328125 0.6388888888888888 0.11171875 0.35694444444444445
0 0.77890625 0.5590277777777778 0.0640625 0.19722222222222222
0 0.7078125 0.5159722222222223 0.0546875 0.17916666666666667
0 0.62890625 0.5222222222222223 0.065625 0.20833333333333334
0 0.23828125 0.4270833333333333 0.06484375 0.20694444444444443
0 0.3796875 0.5131944444444444 0.09453125 0.29583333333333334
0 0.080859375 0.49722222222222223 0.15625 0.5569444444444445
0 0.179296875 0.5291666666666667 0.134375 0.5430555555555555