0 0.754296875 0.4861111111111111 0.03828125 0.15833333333333333
0 0.976953125 0.6159722222222223 0.04609375 0.39861111111111114
0 0.89453125 0.5840277777777778 0.0859375 0.4125
0 0.6765625 0.4840277777777778 0.03359375 0.1375
0 0.817578125 0.5805555555555556 0.09296875 0.34444444444444444
0 0.78046875 0.5069444444444444 0.05390625 0.19027777777777777
0 0.707421875 0.47708333333333336 0.04453125 0.175
0 0.6296875 0.4979166666666667 0.0546875 0.2013888888888889
0 0.235546875 0.47638888888888886 0.05390625 0.2
0 0.38125 0.5354166666666667 0.07890625 0.2847222222222222
0 0.083203125 0.575 0.1265625 0.5430555555555555
0 0.1828125 0.5888888888888889 0.1046875 0.5319444444444444