0 0.89921875 0.8777777777777778 0.05 0.04861111111111111
0 0.900390625 0.7708333333333334 0.05234375 0.043055555555555555
0 0.898828125 0.8326388888888889 0.0484375 0.05555555555555555
0 0.473828125 0.68125 0.05859375 0.25416666666666665
0 0.89921875 0.825 0.05078125 0.04583333333333333
0 0.173828125 0.6791666666666667 0.0765625 0.3402777777777778
0 0.267578125 0.7076388888888889 0.0703125 0.30833333333333335
0 0.496875 0.6895833333333333 0.053125 0.24166666666666667
0 0.424609375 0.7694444444444445 0.10625 0.45694444444444443
0 0.20703125 0.6993055555555555 0.06953125 0.2986111111111111
0 0.5984375 0.7527777777777778 0.1359375 0.49444444444444446