0 0.0484375 0.3576388888888889 0.096875 0.34305555555555556
0 0.089453125 0.38958333333333334 0.08203125 0.24444444444444444
0 0.583984375 0.5375 0.084375 0.20694444444444443
0 0.3109375 0.5833333333333334 0.153125 0.4861111111111111
0 0.395703125 0.6791666666666667 0.26171875 0.6291666666666667
0 0.774609375 0.7055555555555556 0.0828125 0.28194444444444444
0 0.271875 0.5097222222222222 0.109375 0.35138888888888886
0 0.204296875 0.44375 0.0796875 0.2388888888888889
0 0.1328125 0.40902777777777777 0.07734375 0.23472222222222222
0 0.503515625 0.7083333333333334 0.19921875 0.5833333333333334
0 0.666015625 0.6493055555555556 0.09921875 0.31527777777777777
0 0.6015625 0.7472222222222222 0.15625 0.5055555555555555
0 0.910546875 0.8104166666666667 0.16171875 0.37916666666666665
0 0.8265625 0.7819444444444444 0.14375 0.4361111111111111
0 0.71796875 0.74375 0.153125 0.4888888888888889